ln      01;38;2;125;207;255   # LINK      (cyan)
or      01;38;2;247;118;142   # ORPHAN    (red)
tw      38;2;158;206;106      # STICKY_OTHER_WRITABLE (green)
ow      38;2;158;206;106      # OTHER_WRITABLE (green)
st      01;38;2;122;162;247   # STICKY    (blue)
di      01;38;2;122;162;247   # DIR       (blue)
pi      38;2;224;175;104      # FIFO      (yellow)
so      01;38;2;187;154;247   # SOCK      (magenta)
bd      01;38;2;224;175;104   # BLK       (yellow)
cd      01;38;2;224;175;104   # CHR       (yellow)
su      01;38;2;158;206;106   # SETUID    (green)
sg      01;38;2;158;206;106   # SETGID    (green)
ex      01;38;2;158;206;106   # EXEC      (green)
fi      00                    # FILE      (default)

*.tar   01;38;2;247;118;142
*.tgz   01;38;2;247;118;142
*.arc   01;38;2;247;118;142
*.arj   01;38;2;247;118;142
*.taz   01;38;2;247;118;142
*.lha   01;38;2;247;118;142
*.lz4   01;38;2;247;118;142
*.lzh   01;38;2;247;118;142
*.lzma  01;38;2;247;118;142
*.tlz   01;38;2;247;118;142
*.txz   01;38;2;247;118;142
*.tzo   01;38;2;247;118;142
*.t7z   01;38;2;247;118;142
*.zip   01;38;2;247;118;142
*.xpi   01;38;2;247;118;142
*.z     01;38;2;247;118;142
*.dz    01;38;2;247;118;142
*.gz    01;38;2;247;118;142
*.lrz   01;38;2;247;118;142
*.lz    01;38;2;247;118;142
*.lzo   01;38;2;247;118;142
*.xz    01;38;2;247;118;142
*.zst   01;38;2;247;118;142
*.tzst  01;38;2;247;118;142
*.bz2   01;38;2;247;118;142
*.bz    01;38;2;247;118;142
*.tbz   01;38;2;247;118;142
*.tbz2  01;38;2;247;118;142
*.tz    01;38;2;247;118;142
*.deb   01;38;2;247;118;142
*.rpm   01;38;2;247;118;142
*.jar   01;38;2;247;118;142
*.war   01;38;2;247;118;142
*.ear   01;38;2;247;118;142
*.sar   01;38;2;247;118;142
*.rar   01;38;2;247;118;142
*.alz   01;38;2;247;118;142
*.ace   01;38;2;247;118;142
*.zoo   01;38;2;247;118;142
*.cpio  01;38;2;247;118;142
*.7z    01;38;2;247;118;142
*.rz    01;38;2;247;118;142
*.cab   01;38;2;247;118;142
*.wim   01;38;2;247;118;142
*.swm   01;38;2;247;118;142
*.dwm   01;38;2;247;118;142
*.esd   01;38;2;247;118;142

*.jpg   38;2;255;158;100
*.JPG   38;2;255;158;100
*.jpeg  38;2;255;158;100
*.mjpg  38;2;255;158;100
*.mjpeg 38;2;255;158;100
*.jxl   38;2;255;158;100
*.JXL   38;2;255;158;100
*.webp  38;2;255;158;100
*.gif   38;2;255;158;100
*.bmp   38;2;255;158;100
*.pbm   38;2;255;158;100
*.pgm   38;2;255;158;100
*.ppm   38;2;255;158;100
*.tga   38;2;255;158;100
*.xbm   38;2;255;158;100
*.xpm   38;2;255;158;100
*.tif   38;2;255;158;100
*.tiff  38;2;255;158;100
*.png   38;2;255;158;100
*.svg   38;2;255;158;100
*.svgz  38;2;255;158;100
*.mng   38;2;255;158;100
*.odg   38;2;255;158;100

*.pcx   38;2;187;154;247
*.mov   38;2;187;154;247
*.mpg   38;2;187;154;247
*.mpeg  38;2;187;154;247
*.m2v   38;2;187;154;247
*.mkv   38;2;187;154;247
*.webm  38;2;187;154;247
*.ogm   38;2;187;154;247
*.mp4   38;2;187;154;247
*.m4v   38;2;187;154;247
*.mp4v  38;2;187;154;247
*.vob   38;2;187;154;247
*.qt    38;2;187;154;247
*.nuv   38;2;187;154;247
*.wmv   38;2;187;154;247
*.asf   38;2;187;154;247
*.rm    38;2;187;154;247
*.rmvb  38;2;187;154;247
*.flc   38;2;187;154;247
*.avi   38;2;187;154;247
*.fli   38;2;187;154;247
*.flv   38;2;187;154;247
*.gl    38;2;187;154;247
*.dl    38;2;187;154;247
*.xcf   38;2;187;154;247
*.xwd   38;2;187;154;247
*.yuv   38;2;187;154;247
*.cgm   38;2;187;154;247
*.emf   38;2;187;154;247
*.ogv   38;2;187;154;247
*.ogx   38;2;187;154;247

*.aac   38;2;125;207;255
*.au    38;2;125;207;255
*.flac  38;2;125;207;255
*.m4a   38;2;125;207;255
*.mid   38;2;125;207;255
*.midi  38;2;125;207;255
*.mka   38;2;125;207;255
*.mp3   38;2;125;207;255
*.mpc   38;2;125;207;255
*.ogg   38;2;125;207;255
*.ra    38;2;125;207;255
*.wav   38;2;125;207;255
*.oga   38;2;125;207;255
*.opus  38;2;125;207;255
*.spx   38;2;125;207;255
*.xspf  38;2;125;207;255

*.pdf    38;2;247;118;142
*.PDF    38;2;247;118;142
*.ps     38;2;247;118;142
*.epub   38;2;247;118;142
*.mobi   38;2;247;118;142
*.ods    38;2;158;206;106
*.xls    38;2;158;206;106
*.XLS    38;2;158;206;106
*.xlsx   38;2;158;206;106
*.XLSX   38;2;158;206;106
*.odt    38;2;122;162;247
*.doc    38;2;122;162;247
*.DOC    38;2;122;162;247
*.docx   38;2;122;162;247
*.DOCX   38;2;122;162;247
*.odp    38;2;255;158;100
*.ppt    38;2;255;158;100
*.PPT    38;2;255;158;100
*.pptx   38;2;255;158;100
*.PPTX   38;2;255;158;100
*.iso    38;2;224;175;104
*.img    38;2;224;175;104

*.py     38;2;224;175;104
*.lua    38;2;122;162;247
*.js     38;2;224;175;104
*.ts     38;2;122;162;247
*.htm    38;2;255;158;100
*.html   38;2;255;158;100
*.shtml  38;2;255;158;100
*.xhtml  38;2;255;158;100
*.css    38;2;122;162;247
*.go     38;2;125;207;255
*.php    38;2;187;154;247
*.tex    38;2;125;207;255
*.ada    38;2;122;162;247
*.hack   38;2;255;158;100
*.c      38;2;122;162;247
*.cpp    38;2;187;154;247
*.cs     38;2;187;154;247
*.F      38;2;187;154;247
*.zig    38;2;255;158;100
*.nim    38;2;224;175;104
*.nims   38;2;224;175;104
*.ado    38;2;125;207;255
*.do     38;2;125;207;255
*.r      38;2;122;162;247
*.R      38;2;122;162;247
*.rs     38;2;255;158;100
*.pl     38;2;122;162;247
*.raku   38;2;187;154;247
*.m      38;2;247;118;142
*.java   38;2;255;158;100
*.awk    38;2;247;118;142
*.gawk   38;2;247;118;142
*.vb     38;2;125;207;255
*.vbs    38;2;125;207;255
*.ps1    38;2;187;154;247
*.scala  38;2;247;118;142
*.rb     38;2;247;118;142
*.vim    38;2;158;206;106
*.sql    38;2;169;177;214
*.sqlite 38;2;169;177;214
*.db     38;2;169;177;214
*.odb    38;2;169;177;214
*.apk    38;2;158;206;106
*.jl     38;2;187;154;247
*.hs     38;2;187;154;247
*.lhs    38;2;187;154;247
*.blend  38;2;255;158;100
*.jsx    38;2;125;207;255
*.tsx    38;2;125;207;255
*.vue    38;2;158;206;106
*.svelte 38;2;255;158;100
